 4.38009034e+07 8.03231299e+01 1.33164606e+00
 4.44771821e+07 6.92533240e+01 1.14812403e+00
 4.52604240e+07 6.07072588e+01 1.06235558e+00
 4.52663683e+07 5.97641329e+01 1.04585121e+00
 4.53524659e+07 5.95992265e+01 1.04296541e+00
 4.54387968e+07 5.70743039e+01 9.98780154e-01
 4.54445251e+07 5.84037352e+01 1.02204473e+00
 4.56025162e+07 5.97641329e+01 1.04585121e+00
 4.56906355e+07 5.71795355e+01 1.00062167e+00
 4.56965539e+07 5.86733146e+01 1.02676228e+00
 4.57898314e+07 5.79749821e+01 1.01454170e+00
 4.59425002e+07 5.97091135e+01 1.04488839e+00
 4.59496627e+07 5.93800588e+01 1.03913005e+00
 4.59566784e+07 5.98743240e+01 1.04777952e+00
 4.60248048e+07 5.62912151e+01 9.85076377e-01
 4.60321661e+07 5.87814944e+01 1.02865538e+00
 4.60391904e+07 5.93800588e+01 1.03913005e+00
 4.60461715e+07 6.04283343e+01 1.05747450e+00
 4.60489882e+07 5.88898737e+01 1.03055198e+00
 4.61252448e+07 5.89441383e+01 1.03150160e+00
 4.63839782e+07 5.52129082e+01 9.66206387e-01
 4.65574694e+07 5.55188706e+01 9.71560621e-01
 4.65631114e+07 5.71795355e+01 1.00062167e+00
 4.66507642e+07 5.95443588e+01 1.04200524e+00
 4.67273664e+07 6.28117109e+01 1.04133103e+00
 4.67344685e+07 6.35097822e+01 1.05290408e+00
 4.69944893e+07 5.94895417e+01 1.04104596e+00
 4.70762669e+07 5.85114180e+01 1.02392914e+00
 4.70819347e+07 5.76554841e+01 1.00895060e+00
 4.71516336e+07 5.82962506e+01 1.02016379e+00
 4.71686458e+07 5.72849612e+01 1.00246658e+00
 4.72450234e+07 5.76024059e+01 1.00802175e+00
 4.72520218e+07 5.48580825e+01 9.59997063e-01
 4.73310086e+07 5.38568096e+01 9.42475141e-01
 4.73379984e+07 5.22926467e+01 9.15102843e-01
 4.74046387e+07 5.08675269e+01 8.90163750e-01
 4.74088550e+07 5.03084136e+01 8.80379464e-01
 4.76772998e+07 4.74286347e+01 8.29984351e-01
 4.77669830e+07 4.64344839e+01 8.12587063e-01
 4.77711994e+07 4.50858875e+01 7.88987103e-01
 4.78465056e+07 4.72107199e+01 8.26170919e-01
 4.79323699e+07 4.52106367e+01 7.91170170e-01
 4.79393942e+07 4.41408430e+01 7.72449158e-01
 4.81128422e+07 4.39785213e+01 7.69608585e-01
 4.81170758e+07 4.57973789e+01 8.01437951e-01
 4.82830589e+07 4.57130947e+01 8.84169639e-01
 4.83736234e+07 4.52939945e+01 7.92628902e-01
 4.84419053e+07 4.63490272e+01 8.11091601e-01
 4.85372390e+07 5.02620992e+01 8.79568979e-01
 4.89787430e+07 5.57237870e+01 1.48838163e+00
 4.90441824e+07 5.60325804e+01 9.80550361e-01
 4.90672166e+07 5.58779704e+01 9.77844741e-01
 4.91308762e+07 5.95992265e+01 1.04296541e+00
 4.91420995e+07 6.03171237e+01 1.05552836e+00
 4.92277306e+07 6.38617217e+01 1.05873875e+00
 4.93134653e+07 7.17200565e+01 1.18901904e+00
 4.93936877e+07 7.42062736e+01 1.23023707e+00
 4.94104061e+07 6.63805159e+01 1.10049686e+00
 4.94783078e+07 7.38653267e+01 1.22458464e+00
 4.95663235e+07 7.29861782e+01 1.21000958e+00
 4.95708768e+07 7.44115966e+01 1.23364104e+00
 4.96527840e+07 6.99585216e+01 1.15981523e+00
 4.97523946e+07 6.73659786e+01 1.11683447e+00
 4.98318826e+07 6.98297719e+01 1.15768074e+00
 4.98382848e+07 7.05408394e+01 1.16946925e+00
 4.99238554e+07 6.93810109e+01 1.15024091e+00
 5.00117846e+07 6.99585216e+01 1.15981523e+00
 5.00815958e+07 7.25839541e+01 1.20334126e+00
 5.01838157e+07 7.55858712e+01 1.25310888e+00
 5.02544304e+07 7.67079936e+01 1.27171211e+00
 5.03438198e+07 7.44801638e+01 1.23477779e+00
 5.04273427e+07 7.81341016e+01 1.29535501e+00
 5.05137427e+07 7.90752590e+01 1.31095809e+00
 5.06002464e+07 7.95867230e+01 1.31943745e+00
 5.06894458e+07 7.98069334e+01 1.32308824e+00
 5.07759149e+07 8.01014953e+01 1.32797166e+00
 5.09481533e+07 7.42746516e+01 1.23137068e+00
 5.10469949e+07 6.99585216e+01 1.73972285e+00
 5.12054179e+07 7.25171326e+01 1.20223345e+00
 5.15539728e+07 6.79893083e+01 1.12716841e+00
 5.16403814e+07 6.38617217e+01 1.05873875e+00
 5.16446582e+07 6.48097913e+01 1.07445643e+00
 5.17240253e+07 6.42747836e+01 1.53918085e+00
 5.20822483e+07 5.51112959e+01 9.64428208e-01
